1.0933517   1
1.083019   1
1.0351617   1
1.075625   1
1.040401   1
1.0096455   1
1.0850433   1
1.0050979   1
1.0795282   1
1.0221744   1
1.0744194   1
1.0279039   1
1.0199418   1
1.029721   1
1.0771145   1
1.0658593   1
1.0348155   1
1.0261691   1
1.0779481   1
1.0411942   1
1.0351492   1
1.0085905   1
1.0618149   1
1.0015173   1
1.0834997   1
1.0369052   1
1.0261971   1
1.0837973   1
1.0409573   1
1.0150508   1
1.0401386   1
1.0400323   1
1.0758637   1
1.0470333   1
1.0795006   1
1.0459322   1
1.0869812   1
1.073619   1
1.032538   1
1.0471159   1
1.0262536   1
1.0448551   1
1.006387   1
1.0693876   1
1.0483769   1
1.0073663   1
1.0867167   1
1.0705839   1
1.0981225   1
1.0423592   1
1.0936575   1
1.0458528   1
1.0154723   1
1.0967952   1
1.0878276   1
1.0558045   1
1.0107225   1
1.098929   1
1.0951872   1
1.0755628   1
1.0962088   1
1.039819   1
1.0994775   1
1.0623599   1
1.0939754   1
1.083816   1
1.0875244   1
1.0264478   1
1.0791702   1
1.0621322   1
1.0624893   1
1.0923874   1
1.0986577   1
1.0067643   1
1.0455319   1
1.0915322   1
1.0152557   1
1.0642434   1
1.0077821   1
1.0390322   1
1.0905803   1
1.0547801   1
1.0140667   1
1.0765125   1
1.0105586   1
1.0960929   1
1.03911   1
1.097307   1
1.0432161   1
1.0908128   1
1.0228621   1
1.0833195   1
1.0452563   1
1.0426794   1
1.0342847   1
1.0346013   1
1.0260911   1
1.0804441   1
1.0935489   1
1.0858277   1
1.0683863   1
1.0535796   1
1.0382427   1
1.0719292   1
1.0255146   1
1.0943499   1
1.0026394   1
1.0327085   1
1.085336   1
1.0796057   1
1.0151534   1
1.0528811   1
1.0112966   1
1.0830007   1
1.0295976   1
1.0384247   1
1.0700326   1
1.0613048   1
1.0438604   1
1.0763083   1
1.0434757   1
1.0574605   1
1.0630578   1
1.052085   1
1.0973368   1
1.0778471   1
1.0034136   1
1.0208056   1
1.0420859   1
1.0574685   1
1.077761   1
1.0046777   1
1.065304   1
1.0795325   1
1.0646967   1
1.0752218   1
1.0750861   1
1.0759128   1
1.0907087   1
1.0793853   1
1.063197   1
1.0192485   1
1.0086544   1
1.0167214   1
1.0304937   1
1.0300583   1
1.0965173   1
1.08453   1
1.0660572   1
1.0860841   1
1.0193102   1
1.0373921   1
1.0435761   1
1.0243037   1
1.0849787   1
1.0686219   1
1.0713279   1
1.0252573   1
1.09612   1
1.0207857   1
1.0101632   1
1.0411522   1
1.03287   1
1.0390004   1
1.0800431   1
1.0290444   1
1.0913066   1
1.0483682   1
1.091246   1
1.0647279   1
1.0262244   1
1.0238426   1
1.0554863   1
1.0762776   1
1.0166717   1
1.0470331   1
1.0288417   1
1.0990578   1
1.0797062   1
1.0719163   1
1.0342067   1
1.0613048   1
1.0654607   1
1.0326265   1
1.0941094   1
