0.23988962   1
0.008527605   1
0.009000244   1
0.014221505   1
0.5429055   1
0.31037068   1
0.008469598   1
0.0063558803   1
0.0054044956   1
0.059498444   1
0.23723783   1
0.016489899   1
0.004437367   1
0.010169167   1
0.0068165287   1
0.0047890283   1
0.07297692   1
0.042302806   1
0.04245156   1
0.01189693   1
0.0041104476   1
0.008830496   1
0.012806978   1
0.014155746   1
0.011102432   1
0.28069353   1
0.0059686583   1
0.0053515458   1
0.00853609   1
0.51487416   1
0.46318606   1
0.008568229   1
0.1008575   1
0.18809678   1
0.008330795   1
0.0057171965   1
0.0122487005   1
0.009102563   1
0.008309697   1
0.007126311   1
0.04360026   1
0.008597248   1
0.040857557   1
0.010647375   1
0.0115808295   1
0.0051020402   1
0.11013388   1
0.010538016   1
0.007069825   1
0.011028899   1
0.005777569   1
0.008102952   1
0.83364207   1
0.22191244   1
0.16535187   1
0.0125524625   1
0.011972742   1
0.06073672   1
0.43620265   1
0.0061624795   1
0.0066846604   1
0.38301495   1
0.017917985   1
0.015141082   1
0.05297171   1
0.006765868   1
0.011057773   1
0.11476161   1
0.35689113   1
0.029091211   1
0.0051064664   1
0.0195592   1
0.0047226185   1
0.00472197   1
0.061857555   1
0.009127097   1
0.007726982   1
0.011388631   1
0.07560514   1
0.012739993   1
0.18898548   1
0.0744887   1
0.02877177   1
0.016551586   1
0.06496695   1
0.0048363   1
0.06682299   1
0.042073008   1
0.011560154   1
0.0070644296   1
0.009229713   1
0.012651166   1
0.27980044   1
0.27747336   1
0.009548076   1
0.4857634   1
0.06169532   1
0.0058512376   1
0.008170742   1
