1.1113329   0
1.0933517   1
1.1374395   0
1.179127   0
1.2158145   0
1.083019   1
1.1683911   0
1.1047431   0
1.0351617   1
1.075625   1
0.816718   1
1.040401   1
1.0096455   1
1.1531867   0
1.1453943   0
1.1078346   0
1.2806706   0
1.1562021   0
1.1100353   0
0.943183   1
1.0850433   1
1.0050979   1
1.1133971   0
1.0795282   1
1.0221744   1
1.0744194   1
1.1142533   0
1.0279039   1
1.0199418   1
0.8960039   1
1.1778207   0
1.1654553   0
1.029721   1
1.0771145   1
1.1878843   0
1.0658593   1
0.98170316   1
1.0348155   1
1.0261691   1
1.114759   0
1.1748236   0
1.0779481   1
0.85314775   1
1.1735361   0
1.19024   0
1.0411942   1
1.1280884   0
1.0351492   1
1.1084616   0
1.0085905   1
0.97266954   1
1.2415327   0
1.144817   0
1.1389679   0
1.1507171   0
1.0618149   1
0.8419442   1
1.1452671   0
1.1960756   0
1.175269   0
0.82097954   1
1.0015173   1
1.0834997   1
1.1575867   0
1.0369052   1
1.0261971   1
1.1349436   0
1.2226167   0
1.0837973   1
1.1252759   0
1.0409573   1
1.155687   0
0.9181555   1
1.0150508   1
1.0401386   1
0.9631043   1
0.9292722   1
1.0400323   1
0.9913175   1
1.1423538   0
0.83495754   1
1.1133156   0
1.0758637   1
1.2244992   0
1.0470333   1
1.0795006   1
1.0459322   1
1.1274004   0
1.1621368   0
1.1147591   0
1.1399453   0
1.0869812   1
1.1498585   0
1.1021259   0
1.073619   1
1.1740032   0
1.2545277   0
0.95604914   1
1.1322598   0
1.1256825   0
0.7803382   1
1.032538   1
1.1303252   0
1.1551255   0
1.0471159   1
1.1553112   0
1.2391876   0
1.1469463   0
1.0262536   1
1.0448551   1
0.9959186   1
1.1492211   0
0.95144355   1
0.95775926   1
1.2274749   0
0.9967906   1
1.006387   1
1.0693876   1
0.91552633   1
1.2017068   0
1.0483769   1
0.9745694   1
1.222313   0
1.1360031   0
1.128503   0
1.1275479   0
1.1114953   0
1.1744276   0
1.1439358   0
1.118404   0
1.1611191   0
1.1521707   0
1.1186389   0
1.1043688   0
0.7867325   1
1.1481875   0
1.0073663   1
1.2029023   0
1.1489671   0
1.0867167   1
1.1265086   0
1.1509272   0
1.1340692   0
0.9447861   1
1.0705839   1
1.0981225   1
0.9870116   1
1.1870075   0
1.1732173   0
1.1834375   0
1.0423592   1
0.98368037   1
1.0936575   1
1.0458528   1
1.2112138   0
1.1748468   0
1.0154723   1
1.0967952   1
1.0878276   1
1.0558045   1
1.122122   0
1.1770862   0
1.0107225   1
1.1426798   0
1.2047191   0
1.098929   1
0.93523484   1
0.80757755   1
1.1670339   0
1.1554497   0
1.2176888   0
1.0951872   1
1.2077295   0
0.97960305   1
1.0755628   1
1.0962088   1
0.9075736   1
1.039819   1
1.113404   0
1.1595   0
1.0994775   1
1.0623599   1
1.0939754   1
1.1037786   0
1.1271853   0
1.083816   1
1.144403   0
0.8320315   1
1.1819456   0
1.0875244   1
1.1987785   0
1.1089714   0
0.85276437   1
1.1280165   0
1.1361079   0
0.9255941   1
1.1265416   0
1.1303428   0
1.0264478   1
1.0791702   1
1.1527159   0
1.0621322   1
1.0624893   1
1.1058978   0
1.1990198   0
1.0923874   1
1.1327902   0
1.0986577   1
1.1075984   0
1.0067643   1
0.8561747   1
1.0455319   1
0.9206218   1
1.0915322   1
1.0152557   1
1.1859413   0
1.0642434   1
1.1396905   0
1.0077821   1
1.1190138   0
0.93048835   1
1.1508948   0
1.0390322   1
1.1620618   0
0.9625058   1
1.2361743   0
0.9442282   1
1.1637654   0
1.0905803   1
1.0547801   1
1.0140667   1
1.0765125   1
1.1656643   0
1.1784633   0
1.0105586   1
1.1239443   0
1.1075902   0
1.1979306   0
1.1025342   0
0.9354783   1
1.0960929   1
0.9236689   1
1.1917505   0
1.1283042   0
1.2243775   0
1.1058105   0
1.1260356   0
0.77015066   1
1.2193885   0
1.03911   1
1.2870431   0
1.1751864   0
1.097307   1
0.9949247   1
0.9834019   1
0.96822536   1
1.1259025   0
1.2049389   0
1.0432161   1
1.1325691   0
1.0908128   1
1.0228621   1
1.0833195   1
1.0452563   1
1.0426794   1
1.0342847   1
1.1502007   0
1.0346013   1
1.0260911   1
1.0804441   1
1.2125129   0
1.1198219   0
1.1159935   0
0.9893875   1
1.0935489   1
1.0858277   1
1.208615   0
1.0683863   1
0.9911111   1
1.0535796   1
1.1745747   0
0.98512185   1
1.0382427   1
1.1571494   0
1.1442862   0
0.99818254   1
1.1061772   0
1.11563   0
1.0719292   1
1.0255146   1
1.1771556   0
0.9754639   1
1.150599   0
1.0943499   1
1.0026394   1
1.1060368   0
1.1255082   0
0.9340149   1
1.0327085   1
1.085336   1
0.99757415   1
1.0796057   1
0.99087054   1
1.1929803   0
1.0151534   1
1.0528811   1
1.0112966   1
1.0830007   1
0.9562709   1
1.2029023   0
0.92477393   1
1.1428765   0
1.1364979   0
1.12392   0
0.8978113   1
1.0295976   1
0.8216227   1
1.0384247   1
1.1287656   0
1.0700326   1
1.0613048   1
1.1865003   0
1.1973159   0
1.0438604   1
1.0763083   1
1.0434757   1
1.129718   0
1.0574605   1
1.2196386   0
1.223272   0
0.99333376   1
1.171722   0
0.94706833   1
1.2154971   0
1.1388367   0
1.0630578   1
1.154498   0
0.9570051   1
1.1669455   0
1.052085   1
1.1360776   0
1.1607361   0
1.0973368   1
1.1291718   0
1.1330049   0
1.0778471   1
1.1489396   0
1.1215957   0
0.98532254   1
1.104752   0
1.1752951   0
0.97715276   1
1.1606579   0
1.2167962   0
1.1429777   0
1.0034136   1
0.8957898   1
1.238045   0
1.0208056   1
1.1092174   0
1.0420859   1
1.0574685   1
1.1796386   0
1.1289095   0
1.077761   1
1.0046777   1
1.2230232   0
1.065304   1
1.1748606   0
1.1571642   0
1.1503891   0
1.1416422   0
0.92067015   1
1.0795325   1
1.0646967   1
1.0752218   1
1.0750861   1
1.1144658   0
1.0759128   1
1.2277495   0
1.0907087   1
1.2059617   0
1.0793853   1
1.1300998   0
1.063197   1
1.0192485   1
1.1267934   0
1.1290344   0
1.175621   0
1.1341012   0
1.0086544   1
0.9888059   1
1.1263918   0
1.0167214   1
1.1325537   0
0.76933163   1
1.0304937   1
1.0300583   1
1.0965173   1
1.1624608   0
1.08453   1
1.1188225   0
1.0660572   1
1.1118667   0
1.1464458   0
1.0860841   1
1.0193102   1
0.95226777   1
1.0373921   1
1.0435761   1
1.1735715   0
1.0243037   1
1.0849787   1
1.0686219   1
1.1097504   0
1.0713279   1
1.1198368   0
1.1013979   0
1.0252573   1
1.09612   1
1.0207857   1
1.1062416   0
1.0101632   1
1.2100765   0
1.0411522   1
1.03287   1
1.1197685   0
1.0390004   1
1.0800431   1
1.0290444   1
1.1378325   0
0.9109086   1
1.1208501   0
1.1819099   0
1.0913066   1
0.9703971   1
1.0483682   1
1.091246   1
1.1473641   0
1.1467113   0
0.96052927   1
0.99500924   1
1.1458783   0
1.0647279   1
1.1041796   0
0.88255996   1
1.1741847   0
1.0262244   1
1.1057571   0
1.1640898   0
1.183448   0
1.1287831   0
0.85269016   1
1.0238426   1
1.0554863   1
1.1979306   0
1.0762776   1
0.8165918   1
1.0166717   1
1.0470331   1
0.92597216   1
1.0288417   1
1.1516038   0
0.99151486   1
1.1573697   0
1.1785078   0
1.0990578   1
1.0797062   1
1.1492457   0
1.0719163   1
1.1381856   0
1.0342067   1
1.1145135   0
1.1160126   0
1.2023244   0
1.0613048   1
1.1269546   0
0.71887386   1
1.0654607   1
1.0326265   1
1.1892048   0
1.1307678   0
0.891305   1
1.1472944   0
1.1156071   0
1.0941094   1
